 8.19047619047619e+000    2.41053710635664e-009
 9.42857142857143e+000    3.84915902194968e-009
 1.06666666666667e+001    5.77454294040404e-009
 1.20000000000000e+001    8.93757115105424e-009
 1.33333333333333e+001    1.34082245239474e-008
 1.45714285714286e+001    2.01151388723074e-008
 1.60952380952381e+001    3.01769120236280e-008
 1.74285714285714e+001    4.38809905681942e-008
 1.88571428571429e+001    6.38084285011760e-008
 2.02857142857143e+001    9.27854065067712e-008
 2.17142857142857e+001    1.34921543483368e-007
 2.32380952380952e+001    1.90165964882893e-007
 2.47619047619048e+001    2.68030540313969e-007
 2.61904761904762e+001    3.66172425558607e-007
 2.77142857142857e+001    5.16103883946791e-007
